2300
2497
2995
3028
3038
3440
3480
3610
3678
3734
4654
5163
5443
5545
5871
6023
6106
6252
6794
7502
7838
8054
8276
8430
8452
8589
8958
9405
9461
9528
9630
10271
10460
11128
11155
11447
11458
11910
11986
11995
12017
12308
12703
12725
12771
12781
13058
13138
13511
13944
14424
14640
14824
14980
15530
15760
15854
15991
16194
16670
16692
17133
17199
17314
17402
17586
17612
17853
17854
18388
18410
18519
18549
18863
19267
19368
19670
19778
19790
19915
20235
20773
21014
21981
22217
22306
22554
22604
22823
22961
23139
23232
23292
23764
24039
24173
24308
24793
24807
25054
25526
25776
25857
26073
26988
27116
27242
27588
27632
27692
27776
28144
28349
28395
28398
28521
28905
29518
29616
30037
30289
30368
30396
31139
31147
31255
31370
31446
31732
31918
32310
32439
32585
32623
32746
32806
33046
33472
33696
33782
33963
34048
34187
34192
34671
34960
35215
35359
35535
35842
36049
36314
36393
36563
37460
37517
37686
37846
37900
38033
38041
38229
38731
39281
39306
39378
39382
39849
40068
40227
40341
41223
41341
41347
41445
41768
42282
42426
42620
42623
42742
43124
43710
43731
43768
43806
43985
44145
44237
44257
44592
44669
44690
44736
44976
44997
45035
45176
45208
45268
45327
45609
45988
46767
46775
47074
47160
47275
47484
47633
47903
48135
48508
48661
48918
49214
49693
49890
50384
50605
51029
51108
51427
51780
52139
52611
53102
53263
53987
54476
54508
54544
55041
55079
55497
55596
55788
55912
56088
56249
56260
56266
56387
56407
56576
56636
56668
56702
56812
56825
56908
57406
58345
58365
58597
59140
59920
59935
60008
60653
61001
61197
61231
61395
61428
62431
62712
62830
62985
63166
63257
63415
63519
63620
63757
63900
64311
64969
65513
65532
65536
65874
66081
66106
66364
66833
68339
68399
68507
68849
69180
69226
69584
69689
69754
70432
70609
70721
70882
71011
71483
71722
71766
71835
71871
72060
72137
72430
72891
73343
73628
73725
74287
74319
74476
74723
74853
75011
75024
75228
75618
75683
75773
75884
76110
76139
76219
76452
76634
76871
76970
77092
77098
77174
77376
77528
77653
77788
77862
77888
78037
78082
78726
78844
78873
79013
79160
79248
79321
79671
79856
79906
79967
80195
80228
80579
80599
80785
80907
81139
81172
81468
81507
81667
81856
82032
82188
82486
82502
82543
83528
84376
84447
84558
84597
84969
85424
85476
85944
86027
86035
86368
86454
86615
86881
86976
87389
87647
87780
87975
88458
88798
88878
89572
89637
89669
89948
89999
90323
90338
90561
90929
91143
91311
91395
91506
91753
91868
91909
92671
92744
92954
93124
93225
93503
93543
93580
94390
94610
94869
95078
95162
95168
95212
95557
95848
96505
97056
97143
97148
97283
97303
97468
97533
97729
98327
98649
98925
98987
99111
99394
99913
100100
100457
100522
101142
101175
101363
101400
101640
101755
102009
102028
102170
102353
102372
102834
103080
103180
103320
103675
103765
103836
103924
103946
104241
104264
104966
105126
105140
105465
105672
106140
106417
106532
106826
107116
107130
107536
107546
107668
107832
107859
108031
108154
108204
108245
108314
108513
108651
108670
108790
108976
109100
109136
109305
109554
109662
110037
110083
110110
110174
110193
110350
110403
110807
111015
111161
111233
111286
111419
111461
111481
111499
112126
112269
112339
112579
112620
112646
112827
112880
113280
113760
113958
114088
114098
114358
114585
114999
115008
115139
115342
115384
115486
115646
115732
115861
115881
115910
116017
116174
116244
116393
116773
117006
117480
117570
117700
117718
117899
117974
118053
118820
118924
119331
119495
119618
119687
119747
119804
120116
120243
120269
120322
120491
120493
120757
121255
121333
121470
121677
121932
122326
122393
122602
122949
123903
123936
124221
124604
124888
124966
125175
125392
125500
125641
126149
126164
126539
126621
127427
128056
128264
128548
128566
129409
129585
130235
130908
131045
131430
132142
132193
132204
132228
133100
133465
133481
133722
134158
134172
134592
134595
134647
134667
134865
135041
135508
135546
135548
135560
135665
135834
135969
136071
136133
136374
136808
137028
137278
137373
137420
137443
137526
137550
137600
138253
138371
138857
139189
139212
139351
139997
140283
140755
140764
141119
141808
141848
142046
142250
142369
142389
142516
142686
143037
143291
143793
143974
144133
144281
144295
144330
144384
144671
144878
145069
145100
145133
145479
146358
146742
146990
147167
147257
147424
147524
147847
148009
148084
148279
148350
148405
148514
148654
149120
149633
149874
149937
149952
149989
150341
150711
150838
150944
150966
151041
151094
151179
151393
151751
151778
151984
152073
152112
152291
152326
152390
152652
152845
152885
152908
153251
153279
153656
153724
153746
154259
154859
155088
155095
155098
155259
155511
155608
155626
155638
155887
155963
156062
156064
156147
156367
156418
156540
156568
156639
156835
156944
157360
157618
157838
157851
158020
158196
158435
158572
158697
158785
158995
159125
159154
159192
159330