3463
3651
3700
3911
3937
4001
4006
4063
4078
4241
4290
4298
4320
4334
4515
4558
4766
4865
5147
5195
5206
5330
5397
5407
5588
5633
5704
5809
5820
5837
5950
6206
6217
6320
6363
6743
6757
6787
6860
6879
6902
6968
7152
7358
7402
7440
7720
7781
7925
7967
7998
8364
8398
8758
8784
8894
8912
8934
9059
9071
9115
9145
9149
9334
9416
9488
9604
9700
9867
9900
9930
9987
10090
10294
10453
10717
10820
10930
10946
10959
10962
11057
11119
11160
11202
11227
11299
11431
11433
11607
11773
12101
12235
12256
12270
12418
12424
12684
12763
12831
12965
13011
13029
13061
13290
13425
13504
13642
13938
14198
14376
14483
14684
14705
14777
14798
14909
15028
15099
15358
15430
15531
15716
15847
15904
16128
16251
16513
16666
16866
17109
17166
17346
17468
17570
17579
17597
17755
17789
17871
17945
17985
18034
18096
18205
18263
18494
18544
18745
18796
18803
18896
19147
19486
19838
19904
20025
20123
20128
20220
20293
20325
20333
20501
20781
20928
21029
21164
21303
21384
21395
21622
21746
21832
21932
21935
21968
22116
22185
22221
22249
22306
22316
22462
22464
22589
22623
22712
22740
22772
22819
22853
22934
23019
23305
23391
23447
23520
23600
23601
23980
24094
24143
24217
24498
24660
24916
25151
25316
25329
25738
25810
25825
25835
25951
26010
26023
26058
26059
26118
26123
26234
26243
26281
26494
26610
26675
26834
27048
27153
27358
27459
27477
27478
27555
27568
27569
27657
27818
27857
27883
27980
28077
28305
28360
28414
28437
28464
28481
28498
28586
28598
28618
28629
28787
28983
28993
29006
29039
29068
29239
29313
29370
29390
29420
29632
29660
29734
29786
29876
29894
30072
30318
30330
30341
30694
30826
30882
30885
31048
31197
31257
31287
31306
31320
31378
31441
31472
31611
31703
32025
32133
32190
32212
32257
32307
32439
32472
32494
32494
32576
32613
32759
32760
32820
32842
32928
32988
33104
33160
33242
33414
33546
33714
33830
34094
34126
34156
34157
34259
34305
34392
34394
34543
34591
34639
34656
34715
34787
34805
35053
35135
35155
35197
35206
35283
35330
35485
35584
35797
36024
36170
36286
36335
36702
36797
36937
36982
37109
37123
37299
37546
37564
37602
38109
38218
38547
38630
38648
38734
38795
38905
38912
39335
39362
39575
40077
40089
40147
40318
40366
40463
40593
40731
40871
40970
41045
41177
41229
41280
41325
41345
41423
41562
41678
41732
41814
41915
42110
42115
42178
42185
42288
42577
42611
42682
42847
43164
43182
43289
43355
43393
43481
43539
43697
43743
43827
43869
43890
43898
43980
43998
44051
44252
44289
44398
44427
44456
44508
44566
44806
44843
44962
44988
45082
45126
45130
45178
45715
45960
46418
46809
46910
46935
46984
47061
47178
47245
47266
47309
47346
47617
47650
47673
47737
47768
47789
47900
47996
48195
48262
48408
48510
48681
48918
49172
49320
49409
49415
49722
49925
50042
50189
50306
50365
50389
50678
50686
50737
50752
50989
51045
51083
51127
51391
51399
51426
51508
51517
51527
51648
51701
52001
52014
52027
52180
52240
52283
52358
52395
52449
52615
52657
52833
52945
53003
53068
53332
53408
53480
53523
53538
53540
53566
53567
53576
53647
53660
53723
53894
53957
53960
54146
54369
54385
54396
54416
54490
54809
54861
54989
55051
55092
55140
55247
55313
55346
55460
55787
55995
56020
56102
56216
56319
56359
56663
56688
56690
56814
56858
56863
56999
57107
57111
57284
57377
57381
57410
57607
57752
57763
57860
58070
58144
58388
58413
58669
58677
58679
58958
59064
59248
59448
59703
59877
59912
60009
60083
60168
60208
60504
60580
60588
60777
60821
60840
60983
61060
61164
61191
61230
61283
61364
61433
61447
61476
61599
61642
61677
61753
61762
61767
61905
62070
62280
62299
62478
62519
62713
62769
62821
62986
63193
63207
63237
63251
63537
63773
63800
63836
63969
64290
64384
64398
64481
64493
64544
64677
64737
64767
64776
64790
64863
64881
65097
65134
65151
65196
65609
65734
65934
66031
66116
66291
66496
66544
66795
66912
67023
67093
67132
67232
67694
67757
67820
67959
68024
68318
68428
68561
68698
68761
68768
68838
68842
68946
68985
69008
69145
69153
69250
69493
69554
69603
69604
69618
69729
69882
69883
69932
70017
70162
70357
70578
70864
70931
71081
71593
71680
71755
71839
71920
72049
72134
72415
72652
72742
73050
73124
73143
73201
73286
73317
73378
73413
73427
73515
73576
73608
73642
73673
73687
74148
74184
74266
74314
74338
74383
74398
74517
74819
74862
74950
74995
75070
75167
75271
75361
75505
75519
75592
75680
75734
75802
75860
76054
76178
76227
76309
76567
76733
76886
77269
77312
77342
77809
77856
77866
77957
77971
78072
78237
78302
79294
79353
79469
79479
79500
79552
79606
79611
79643
79703
79934
79958
79983
80012
80018
80331
80421
80434
80532
80710
80771
80784
80894
81070
81099
81119
81120
81172
81251
81287
81375
81610
81652
81655
81737
81781
81828
81969
81981
82095
82323
82350
82356
82385
82657
82922
82989
83066
83098
83143
83194
83296
83450
83530
83792
83885
83972
84021
84194
84340
84594
84677
84792
84867
84900
84941
84968
85066
85123
85220
85231
85260
85368
85493
85524
85604
85656
85917
86143
86155
86175
86224
86526
86779
86804
86825
86830
86874
87179
87248
87340
87350
87744
87770
87794
87867
88012
88031
88064
88126
88164
88433
88434
88553
88657
88767
88781
88846
88869
89061
89062
89118
89143
89180
89296
89623
89861
90042
90244
90245
90257
90279
90296
90375
90420
90560
90657
90791
90897
90905
90909
91035
91080
91196
91270
91279
91284
91638
91655
91676
91735
91861
91874
91922
92014
92128
92144
92324
92436
92438
92616
92699
92717
92736
92753
92759
92782
93087
93325
93356
93430
93586
93771
93822
94322
94324
94548
94747
94976
94980
95098
95210
95294
95339
95595
95608
95954
96122
96302
96305
96364
96491
96493
96537
96587
96634
96713
96793
96808
97015
97056
97271
97404
97685
97734
97745
97755
97880
98050
98103
98290
98317
98477
98584
98636
98738
98749
98993
99100
99101
99210
99252
99408
99514
99518
99648
99660
99759
99770
99780
99933
100157
100297
100592
100610
100730
100835
100962
100975
100976
100988
100994
101000
101040
101120
101235
101289
101325
101377
101443
101449
101488
101574
101744
101793
101836
101858
101878
102002
102081
102126
102193
102457
102495
102507
102565
102681
102693
102707
102751
102781
102803
102879
102884
102886
103086
103213
103215
103233
103291
103299
103351
103822
104100
104124
104271
104350
104425
104524
104590
104721
104880
105058
105275
105341
105426
105855
106113
106256
106422
106669
106769
106954
106987
107027
107300
107606
107646
107757
107786
107853
107858
108031
108142
108193
108205
108209
108345
108506
108622
108636
108650
108687
108784
108872
108908
109335
109436
109460
109534
109668
109688
109835
109843
109983
110112
110291
110356
110580
110599
110730
110767
110947
110973
111085
111252
111261
111394
111448
111456
111472
111503
111562
111634
111666
111829
112070
112228
112302
112305
112340
112670
112692
112764
112959
113038
113488
113504
113610
113629
113869
113999
114105
114141
114224
114320
114401
114492
114685
114788
115015
115080
115141
115155
115423
115531
115669
115867
116199
116225
116240
116244
116504
116508
116571
116816
116835
116897
117025
117038
117170
117219
117245
117338
117395
117650
117657
117847
117955
117959
117986
117987
118074
118213
118223
118495
118506
118577
119095
119230
119329
119818
119927
119938
119945
120101
120253
120280
120329
120635
120730
120850
120940
121525
121582
121634
121652
121663
121671
121688
121731
122008
122026
122152
122661
122984
123354
123511
123645
123731
123912
123920
123992
124258
124329
124341
124358
124500
124547
124749
124882
125117
125228
125352
125484
125502
125571
125614
125718
125752
125782
125794
125817
126057
126312
126482
126708
126813
126873
126948
126957
127230
127684
127708
127813
127851
127990
128067
128080
128083
128166
128202
128354
128401
128550
128588
128596
128729
129095
129245
129283
129292
129603
129660
129752
129887
130117
130123
130172
130187
130446
130788
130845
130851
130895
130969
131059
131231
131315
131348
131391
131457
131549
131628
131768
132004
132090
132154
132183
132298
132363
132380
132415
132589
132677
132991
133002
133002
133004
133021
133052
133198
133302
133329
133336
133403
133576
133669
133725
133773
133789
133805
133908
134235
134258
134277
134308
134508
134605
134621
134644
134723
134838
134888
134913
135005
135064
135131
135142
135273
135274
135287
135435
135501
135509
135702
135727
135769
135854
135880
136091
136148
136212
136249
136428
136439
136522
136567
136619
136793
137076
137097
137117
137258
137389
137531
137553
137682
137904
137950
137979
138028
138115
138272
138306
138502
138595
138996
138997
139163
139243
139319
139465
139482
139526
139752
139842
139939
140596
140726
140793
141020
141228
141436
141545
141646
141654
141667
141823
141830
142238
142299
142454
142480
142533
142553
142790
143154
143211
143274
143380
143729
143758
143923
144052
144125
144152
144197
144214
144321
144395
144419
144513
144532
144620
144623
144675
144802
144849
145022
145465
145499
145526
145644
145687
145692
145905
146049
146096
146119
146153
146172
146181
146466
146650
146693
146728
146920
147179
147197
147308
147322
147767
147832
147856
147899
148002
148037
148091
148391
148395
148438
148486
148577
148611
148810
148933
149199
149403
149480
149494
149820
149996
150015
150207
150313
150366
150422
150428
150434
150525
150611
150632
150774
150970
151001
151058
151285
151405
151425
151539
151545
151604
151648
151678
151835
152013
152064
152082
152113
152219
152601
152669
152701
152739
152820
152846
152899
153023
153045
153051
153085
153204
153247
153303
153389
153741
153809
154163
154277
154301
154483
154505
154610
154643
154823
154974
155006
155083
155083
155175
155190
155192
155217
155284
155525
155544
155581
155650
155745
155805
155923
156009
156106
156256
156342
156900
156906
156997
157002
157078
157157
157199
157242
157345
157558
157590
157601
157744
157778
157881
157900
157916
157949
157953
158014
158218
158489
158519
158575
158833
159004
159061
159125
159210
159220
159589
159817
159829
159883
159954
160021
160070
160168
160291
160564
160821
160887
160902
161057
161101
161187
161236
161374
161429
161485
161723
161767
161813
161889
161916
161935
161958
162066
162139
162190
162230
162235
162504
162597
162691
162734
162754
162837
162951
163000
163090
163150
163177
163523
163620
163700
163723
163755
163795
163881
164035
164049
164086
164232
164271
164272
164306
164456
164483
164599
164603
164634
164720
164724
164729
165259
165268
165268
165305
165372
165395
165447
165450
165513
165550
165648
165880
165892
165953
166118
166128
166161
166452
166512
166542
166546
166628
166655
166675
166736
166898